1011100111000111010110110100000000 000101010000011101 111111111111111111
1011100111000111010110110100000001 010111101000011101 111111111111111111
1011100111000111010110110100000010 111001101011111100 111111111111111111
0110100110100011011001101001001000 110100000011010100 111111111111111111
0110100110100011011001101001001001 000000110001000101 111111111111111111
0110100110100011011001101001001010 100111110111110100 111111111111111111
1111101110001101100011101110110000 100010100111100101 111111111111111111
1111101110001101100011101110110001 011011001010000101 111111111111111111
1111101110001101100011101110110010 011101010111001100 111111111111111111
0011000110000000011101010110101100 101001101110101100 111111111111111111
0011000110000000011101010110101110 110011101111111100 111111111111111111
0100101000110000000000101110011000 010011010001011000 111111111111111111
0100101000110000000000101110011001 010001110100101001 111111111111111111
0100101000110000000000101110011010 111111011101111100 111111111111111111
0001101011001010110110110100010100 111101100000111100 111111111111111111
0001101011001010110110110100010110 111001011011111100 111111111111111111
0101000101111011101111010011011100 000011101011001001 111111111111111111
0101000101111011101111010011011110 111011101100110001 111111111111111111
0111000100111000110101010000011000 010001100011111001 111111111111111111
0111000100111000110101010000011010 101011101111111101 111111111111111111
1001111110011010011000000001011100 111111111011000100 111111111111111111
1001111110011010011000000001011101 001111111000001101 111111111111111111
1001111110011010011000000001011110 111111111110110100 111111111111111111
0100111010100111111000111011101000 001100100110000101 111111111111111111
0100111010100111111000111011101010 101111010101110101 111111111111111111
1000001111000011001100011101010000 101101011001011100 111111111111111111
1000001111000011001100011101010001 010100011110111101 111111111111111111
1000001111000011001100011101010010 111111100011111100 111111111111111111
1010000001100111000011101111110000 101011110110001100 111111111111111111
1010000001100111000011101111110001 100100010110101101 111111111111111111
1010000001100111000011101111110010 111111111001101100 111111111111111111
0000010010011110101011110011100100 101100111101011100 111111111111111111
0000010010011110101011110011100110 111110111110011100 111111111111111111
0001111110001000001101011111111000 010101011000011000 111111111111111111
0001111110001000001101011111111010 111010100111011100 111111111111111111
0010100000000100001110101000010000 011000101000100000 111111111111111111
0010100000000100001110101000010010 110101111111101100 111111111111111111
0010001000011101111101001110100000 000101110000010101 111111111111111111
0010001000011101111101001110100010 110111111111011101 111111111111111111
0100010010111100011111100001100000 110000101101010000 111111111111111111
0100010010111100011111100001100010 101110111110011100 111111111111111111
1001011111101101101111111101111000 010101111100101101 111111111111111111
1001011111101101101111111101111010 011010000011001101 111111111111111111
1010111101010001101101011100101100 011001010001110001 111111111111111111
1010111101010001101101011100101110 010110101011111001 111111111111111111
1111101100100001100011010001001000 100010000011001101 111111111111111111
1111101100100001100011010001001001 011011100000111101 111111111111111111
1111101100100001100011010001001010 011101101111111100 111111111111111111
1101100010000110000110000111001000 111100001111100000 111111111111111111
1101100010000110000110000111001001 110000000001010001 111111111111111111
1101100010000110000110000111001010 111001111111110100 111111111111111111
0110011001001001011110000111101100 110111101100010000 111111111111111111
0110011001001001011110000111101110 100111111011011000 111111111111111111
0110100101001010110100111011101100 001111010000010101 111111111111111111
0110100101001010110100111011101110 101111101111010101 111111111111111111
1110101011101101011111010001000000 011001111111110101 111111111111111111
1110101011101101011111010001000001 011011011101110101 111111111111111111
1110101011101101011111010001000010 100101111111111100 111111111111111111
0110110010100101110110001101100100 010001010111111001 111111111111111111
0110110010100101110110001101100110 101101110111111001 111111111111111111
1001111010100011001000100101100000 110000001111101100 111111111111111111
1001111010100011001000100101100001 011111000100101101 111111111111111111
1001111010100011001000100101100010 111111011111111100 111111111111111111
1000011001000100101001000110101100 001010101010111101 111111111111111111
1000011001000100101001000110101110 011110111011111101 111111111111111111
0001011010111010010111111111010000 011101101010111000 111111111111111111
0001011010111010010111111111010010 111010010100111100 111111111111111111
0000111110100011100011000111110000 100111000001111100 111111111111111111
0000111110100011100011000111110010 111100111101111100 111111111111111111
1101100000010100111110101011111000 110100101101001001 111111111111111111
1101100000010100111110101011111010 001001111110101101 111111111111111111
0101000110010010100110011100101000 111010110101110000 111111111111111111
0101000110010010100110011100101010 111011100111110100 111111111111111111
1001000001111110110000100100001000 010100101100000001 111111111111111111
1001000001111110110000100100001010 011111111011110101 111111111111111111
0100001101110101111111001100110000 010000000100000101 111111111111111111
0100001101110101111111001100110010 101111111011101101 111111111111111111
1001000000100000111111100010111100 100011100100111101 111111111111111111
1001000000100000111111100010111110 011011111101111101 111111111111111111
1111000100001010101001100001101000 100101110010010001 111111111111111111
1111000100001010101001100001101001 010010101111000001 111111111111111111
1111000100001010101001100001101010 010111111111010100 111111111111111111
1100111010100110000011100100101000 110111001111000000 111111111111111111
1100111010100110000011100100101001 110000000101110001 111111111111111111
1100111010100110000011100100101010 111100011111110100 111111111111111111
0110001111010100110110000011001100 001111000000011101 111111111111111111
0110001111010100110110000011001110 101111111110111101 111111111111111111
0100001111011011001111011101101100 100000011011011000 111111111111111111
0100001111011011001111011101101101 000001100000000001 111111111111111111
0100001111011011001111011101101110 111111100010010000 111111111111111111
1010010011100000001110010110110100 110111100100110100 111111111111111111
1010010011100000001110010110110101 011010110111001101 111111111111111111
1010010011100000001110010110110110 110111111001111100 111111111111111111
0100100010111010010111011111000100 101001101010101100 111111111111111111
0100100010111010010111011111000110 101101110100111100 111111111111111111
0011011100110010111010100011001100 001000010110010101 111111111111111111
0011011100110010111010100011001110 110111011100110101 111111111111111111
0001011001110010000000101000010000 000110001111011000 111111111111111111
0001011001110010000000101000010001 000100111110111001 111111111111111111
0001011001110010000000101000010010 111111011111111100 111111111111111111
1001100101010111111111110111010000 100110001100101101 111111111111111111
1001100101010111111111110111010010 011001101010101101 111111111111111111
1000010001111000100001101001011100 000010110000111101 111111111111111111
1000010001111000100001101001011110 011110111110111101 111111111111111111
1001001101110011000111101001110100 101100100001000000 111111111111111111
1001001101110011000111101001110101 011101001101011001 111111111111111111
1001001101110011000111101001110110 111011011110111000 111111111111111111
1010100011101100000100011011001100 101110101001111100 111111111111111111
1010100011101100000100011011001101 100101110011100101 111111111111111111
1010100011101100000100011011001110 111111110101111100 111111111111111111
1101111001100011100110110101101000 011110011011110101 111111111111111111
1101111001100011100110110101101001 010000110000100101 111111111111111111
1101111001100011100110110101101010 011001011011110100 111111111111111111
0100010010110000010111101000101000 101000110011101000 111111111111111111
0100010010110000010111101000101010 101110110111111100 111111111111111111
0110111100110010101110011000000100 001010001011001101 111111111111111111
0110111100110010101110011000000110 110101101111111101 111111111111111111
0000100111001010100011110011101000 100110010000010000 111111111111111111
0000100111001010100011110011101010 111101101111010100 111111111111111111
0000011110101011100100101001100000 100110100100001100 111111111111111111
0000011110101011100100101001100010 111111010111011100 111111111111111111
1111111011101111100000100100000000 100000010010111101 111111111111111111
1111111011101111100000100100000001 011111001010111101 111111111111111111
1111111011101111100000100100000010 011111011011111100 111111111111111111
0101010001000001000111000110010000 011100001010010100 111111111111111111
0101010001000001000111000110010001 001101111101110101 111111111111111111
0101010001000001000111000110010010 111010111011111100 111111111111111111
1101110111101101000100010100111100 111011110011110000 111111111111111111
1101110111101101000100010100111101 110011001001111001 111111111111111111
1101110111101101000100010100111110 111011101011001000 111111111111111111
0011111010010011101101000111100100 111100110000110000 111111111111111111
0011111010010011101101000111100110 110010111110111000 111111111111111111
1111011011111001000011101111011100 000001011111000001 111111111111111111
1111011011111001000011101111011101 111010000000001001 111111111111111111
1111011011111001000011101111011110 111110010000111000 111111111111111111
0111101101010110100000101000111100 111111011110010100 111111111111111111
0111101101010110100000101000111110 111111011111100100 111111111111111111
1000001011001111001101110000101100 101110011101101000 111111111111111111
1000001011001111001101110000101101 010010111100010001 111111111111111111
1000001011001111001101110000101110 111111011111010000 111111111111111111
1001110011011011110000111101111000 011000001011100101 111111111111111111
1001110011011011110000111101111010 011111110010010101 111111111111111111
1110000011010000100000001001010000 011000010110010001 111111111111111111
1110000011010000100000001001010001 011000000011110001 111111111111111111
1110000011010000100000001001010010 011111110110111100 111111111111111111
0110001000110100110100100011110100 001101000111000101 111111111111111111
0110001000110100110100100011110110 101111011100101101 111111111111111111
1101001111001110001010111110001000 111111111011000000 111111111111111111
1101001111001110001010111110001001 101001111110110001 111111111111111111
1101001111001110001010111110001010 111111000011110100 111111111111111111
1100110001010110001011000101001100 111110001010100100 111111111111111111
1100110001010110001011000101001101 101000000000001101 111111111111111111
1100110001010110001011000101001110 111100111010110100 111111111111111111
1010110011011011100110100101110000 010001110011011101 111111111111111111
1010110011011011100110100101110001 000100100111111101 111111111111111111
1010110011011011100110100101110010 011101111010011100 111111111111111111
1111001001011110100001110000000000 011110010101111001 111111111111111111
1111001001011110100001110000000001 011010110101111001 111111111111111111
1111001001011110100001110000000010 011111011111111100 111111111111111111
1110111010011011000100111111010000 000000101000111101 111111111111111111
1110111010011011000100111111010001 110110101010011101 111111111111111111
1110111010011011000100111111010010 111111010110111100 111111111111111111
1101100100110110111001010100111000 101111101000010001 111111111111111111
1101100100110110111001010100111010 001111101111100101 111111111111111111
0111001001011000010100111001000100 110001011110100100 111111111111111111
0111001001011000010100111001000101 000111101100011101 111111111111111111
0111001001011000010100111001000110 101011011110111100 111111111111111111
0001100111111100111100100010111100 000011000010101101 111111111111111111
0001100111111100111100100010111110 111011111101001101 111111111111111111
1010111001111110101011000111010000 010110101111001001 111111111111111111
1010111001111110101011000111010001 000000100000101001 111111111111111111
1010111001111110101011000111010010 010100111000101100 111111111111111111
0110001011010111100001001010110100 111001111000010000 111111111111111111
0110001011010111100001001010110110 111111110111101000 111111111111111111
1110110001010101111011110101101100 110110111011000001 111111111111111111
1110110001010101111011110101101110 000100111010111001 111111111111111111
0011110101000010111110101011111100 001110000000000101 111111111111111111
0011110101000010111110101011111110 110001111111110101 111111111111111111
0011011111111001010000010101010100 011110010100111000 111111111111111111
0011011111111001010000010101010110 111111101010111000 111111111111111111
1110100001001011010100000001111000 001110000110100101 111111111111111111
1110100001001011010100000001111001 100110000010110101 111111111111111111
1110100001001011010100000001111010 101111111111010100 111111111111111111
0010000111101001010001011011100000 011001111010000100 111111111111111111
0010000111101001010001011011100010 111111100101011100 111111111111111111
0110111111000001000011111001001000 011111110101001100 111111111111111111
0110111111000001000011111001001001 011000000010111101 111111111111111111
0110111111000001000011111001001010 111100000111111100 111111111111111111
0000110000110011111100010011011100 111111010110101000 111111111111111111
0000110000110011111100010011011110 111111111100110000 111111111111111111
0110100000100100110000000010000100 001010000100010101 111111111111111111
0110100000100100110000000010000110 101111111101111101 111111111111111111
1010001101000110001001010111100100 110010001011111100 111111111111111111
1010001101000110001001010111100101 011111011100110101 111111111111111111
1010001101000110001001010111100110 110111101011111100 111111111111111111
0000001100100011101101100011010000 101110010101011100 111111111111111111
0000001100100011101101100011010010 111111011101111100 111111111111111111
1101100100001010001001001001011100 111111011010000100 111111111111111111
1101100100001010001001001001011101 101101000111001101 111111111111111111
1101100100001010001001001001011110 111111111111110100 111111111111111111
0001000010011010010010101110111000 010110111000100000 111111111111111111
0001000010011010010010101110111010 111111110111010100 111111111111111111
1100011111100101010111110010111000 001001110001001101 111111111111111111
1100011111100101010111110010111001 011010001011011101 111111111111111111
1100011111100101010111110010111010 101110001101101100 111111111111111111
0101100000110001000000100000101000 010110100011101100 111111111111111111
0101100000110001000000100000101001 010101100010011101 111111111111111111
0101100000110001000000100000101010 111111111111111100 111111111111111111
0001111101100100110001010010000000 111001001000010000 111111111111111111
0001111101100100110001010010000010 111110101101111100 111111111111111111
0100100110001011001111101001000100 100010000001110000 111111111111111111
0100100110001011001111101001000101 000010101111101001 111111111111111111
0100100110001011001111101001000110 111101110111111000 111111111111111111
1010110011000000010111100000011100 000010101100011101 111111111111111111
1010110011000000010111100000011101 010011101011100101 111111111111111111
1010110011000000010111100000011110 111100111111111100 111111111111111111
1011010010011111001111001110000000 111100010111111100 111111111111111111
1011010010011111001111001110000001 011101111011111101 111111111111111111
1011010010011111001111001110000010 110010110111111100 111111111111111111
0100110011110111000101100001101100 011000110001001000 111111111111111111
0100110011110111000101100001101101 001101101101110001 111111111111111111
0100110011110111000101100001101110 111110111110110000 111111111111111111
1011011100001010100001010010000000 001111000010101001 111111111111111111
1011011100001010100001010010000001 001100011110101001 111111111111111111
1011011100001010100001010010000010 011110101111111100 111111111111111111
0110000011001010011111001010000100 110111010110101100 111111111111111111
0110000011001010011111001010000110 100111110111111100 111111111111111111
0101101111110110010110011010100000 101101011001111000 111111111111111111
0101101111110110010110011010100001 000000100100111001 111111111111111111
0101101111110110010110011010100010 101001100101111100 111111111111111111
0101010010111000010011010100111000 101000100000011000 111111111111111111
0101010010111000010011010100111001 000001110110101001 111111111111111111
0101010010111000010011010100111010 101110111111011100 111111111111111111
1100000001101111001011100000011000 111011100111010100 111111111111111111
1100000001101111001011100000011001 100100100110100101 111111111111111111
1100000001101111001011100000011010 111111111111100100 111111111111111111
1000001001001100000111100001110000 101000000110100000 111111111111111111
1000001001001100000111100001110001 011001000011000001 111111111111111111
1000001001001100000111100001110010 111111011111001100 111111111111111111
0110101100010001100100000111000100 111110111000001000 111111111111111111
0110101100010001100100000111000110 111111111110111000 111111111111111111
0100000110010000111110100101010100 001110111110010101 111111111111111111
0100000110010000111110100101010110 101111111110111101 111111111111111111
0001111000000101010101000001100000 011100100001110100 111111111111111111
0001111000000101010101000001100010 111010111111111100 111111111111111111
0111010101110101011101000110110000 111010011110000100 111111111111111111
0111010101110101011101000110110001 000000010000100101 111111111111111111
0111010101110101011101000110110010 100010111001101100 111111111111111111
1011010001100001110100100110001100 100001101100010001 111111111111111111
1011010001100001110100100110001110 011011111001111001 111111111111111111
0100110001101110100000001110011100 110011010101010100 111111111111111111
0100110001101110100000001110011110 111111111001100100 111111111111111111
0101010001010100101101010010010000 000010010111100001 111111111111111111
0101010001010100101101010010010010 111010111111101101 111111111111111111
0011111000111011111111101000000000 001111001011101101 111111111111111111
0011111000111011111111101000000010 110000011111111101 111111111111111111
1010011001100110111100001111011100 100101110101110101 111111111111111111
1010011001100110111100001111011110 010111111001100101 111111111111111111
0100111111110011000001001101100100 010101001100110000 111111111111111111
0100111111110011000001001101100101 010010110001101001 111111111111111111
0100111111110011000001001101100110 111110110010111000 111111111111111111
1110000110001110010000010101111100 001000101110110101 111111111111111111
1110000110001110010000010101111101 101000000010111101 111111111111111111
1110000110001110010000010101111110 101111101111000100 111111111111111111
0110000110000110010000001100011100 101000100100110100 111111111111111111
0110000110000110010000001100011101 001000001011111101 111111111111111111
0110000110000110010000001100011110 101111110111100100 111111111111111111
0100010000101010111000011101001000 001001011111110001 111111111111111111
0100010000101010111000011101001010 101111111111110101 111111111111111111
0111001010010011100101010000001000 000001111001010101 111111111111111111
0111001010010011100101010000001010 111011111111110101 111111111111111111
0001010000101111101100101101101100 110001110000101000 111111111111111111
0001010000101111101100101101101110 111011111111010000 111111111111111111
1101111101110011010001100111100000 001001011110101101 111111111111111111
1101111101110011010001100111100001 100110001111101101 111111111111111111
1101111101110011010001100111100010 101110011000111100 111111111111111111
1000001000001010110111110000011000 011000010001000001 111111111111111111
1000001000001010110111110000011010 011111011111110101 111111111111111111
1010000011001110001100100111111000 110100110100110000 111111111111111111
1010000011001110001100100111111001 011011100101000001 111111111111111111
1010000011001110001100100111111010 110111111011000100 111111111111111111
0111000110010001000100000010111000 100000011011111100 111111111111111111
0111000110010001000100000010111001 011000010110001101 111111111111111111
0111000110010001000100000010111010 111011111111111100 111111111111111111
0101101010010101010110101010110100 101101010100001000 111111111111111111
0101101010010101010110101010110110 101001010111101000 111111111111111111
1010111111100001100001110111000100 001101110101001001 111111111111111111
1010111111100001100001110111000101 001010000111000001 111111111111111111
1010111111100001100001110111000110 011110001001111000 111111111111111111
1111010010000101110011100001110000 110000101010000101 111111111111111111
1111010010000101110011100001110001 001001100110100101 111111111111111111
1111010010000101110011100001110010 001110111111101100 111111111111111111
1111100100110100100011110100110000 100010001000000001 111111111111111111
1111100100110100100011110100110001 011010011110100001 111111111111111111
1111100100110100100011110100110010 011101101111101100 111111111111111111
1001011010100111101001001011000000 001110110101011101 111111111111111111
1001011010100111101001001011000010 011110110101111101 111111111111111111
0111100011010010111111001111010000 011101011100011001 111111111111111111
0111100011010010111111001111010010 100001110010111101 111111111111111111
0000011010111001001010000111101100 001011110011010000 111111111111111111
0000011010111001001010000111101110 111111111100011000 111111111111111111
0011100010100100111000100110100100 000110110000110101 111111111111111111
0011100010100100111000100110100110 110111111101111101 111111111111111111
0110110101010100111100001001110000 010111011111000001 111111111111111111
0110110101010100111100001001110010 100111111110101101 111111111111111111
1000000001000101011110010110000000 111110011010010100 111111111111111111
1000000001000101011110010110000001 000001101110010101 111111111111111111
1000000001000101011110010110000010 111111111011111100 111111111111111111
1011001011100010001001111101100100 110110101011101100 111111111111111111
1011001011100010001001111101100101 100010110000100101 111111111111111111
1011001011100010001001111101100110 110111010011111100 111111111111111111
1001011000010000101111011101101100 010100111110101101 111111111111111111
1001011000010000101111011101101110 011010111110111101 111111111111111111
1110001111100101000101101101001100 111110101011100000 111111111111111111
1110001111100101000101101101001101 110011010001001001 111111111111111111
1110001111100101000101101101001110 111111010011111000 111111111111111111
1011100011001101011100110110000100 001011000010111001 111111111111111111
1011100011001101011100110110000101 010001010110110001 111111111111111111
1011100011001101011100110110000110 110011111011111000 111111111111111111
0010010011000111110000001101101100 111001011010001000 111111111111111111
0010010011000111110000001101101110 111111110011110000 111111111111111111
0111001110010010100111010101101100 000100001110110101 111111111111111111
0111001110010010100111010101101110 111011101110110101 111111111111111111
1111000011010010010110100010010000 010010101111011001 111111111111111111
1111000011010010010110100010010001 100101101010111001 111111111111111111
1111000011010010010110100010010010 101011111111111100 111111111111111111
1001100100101101001010000010111000 110000010101101100 111111111111111111
1001100100101101001010000010111001 011100001111111101 111111111111111111
1001100100101101001010000010111010 111101111101001100 111111111111111111
0100110101101100000110101101000000 011010000011110000 111111111111111111
0100110101101100000110101101000001 001100101001110001 111111111111111111
0100110101101100000110101101000010 111101111011111100 111111111111111111
1101000010100000110010011010011000 100110100100011001 111111111111111111
1101000010100000110010011010011001 000001101111101001 111111111111111111
1101000010100000110010011010011010 001111110101111100 111111111111111111
1101000110000000111100010100010000 110000101100010001 111111111111111111
1101000110000000111100010100010010 001011101111111101 111111111111111111
1000010011101001011000000010111100 111001010001100000 111111111111111111
1000010011101001011000000010111101 001001001011101001 111111111111111111
1000010011101001011000000010111110 111111111101011000 111111111111111111
0001101110011100010000101111011000 010111101001001000 111111111111111111
0001101110011100010000101111011010 111111010110101100 111111111111111111
1100111101111011001000000000101000 111011111000010100 111111111111111111
1100111101111011001000000000101001 101011110111000101 111111111111111111
1100111101111011001000000000101010 111111111111010100 111111111111111111
1000101001110101010011101101100000 110110010100110100 111111111111111111
1000101001110101010011101101100001 001110111001110101 111111111111111111
1000101001110101010011101101100010 111101011010111100 111111111111111111
1100101001011010110000101001011100 100011001111000101 111111111111111111
1100101001011010110000101001011101 000001111100001101 111111111111111111
1100101001011010110000101001011110 001111011110110100 111111111111111111
1101110111001000100011101110011000 011011001010111001 111111111111111111
1101110111001000100011101110011001 010011101110001001 111111111111111111
1101110111001000100011101110011010 011100110011111100 111111111111111111
0111000010011010000101110110000100 100001111111101100 111111111111111111
0111000010011010000101110110000101 010110010011100101 111111111111111111
0111000010011010000101110110000110 111011111111111100 111111111111111111
0111110111111110110110101100100000 010110001100011001 111111111111111111
0111110111111110110110101100100010 101001110011011101 111111111111111111
1011100111100001010110001000000100 000100100110001001 111111111111111111
1011100111100001010110001000000101 011000010110000001 111111111111111111
1011100111100001010110001000000110 111001110111111000 111111111111111111
1011010110110101000101000001000100 110010011100011000 111111111111111111
1011010110110101000101000001000101 101000011010010001 111111111111111111
1011010110110101000101000001000110 111010111110111000 111111111111111111
0101100110010111101000011011110100 111110110101010000 111111111111111111
0101100110010111101000011011110110 111111100110101000 111111111111111111
1011100101110101110001010111011000 011111101110101101 111111111111111111
1011100101110101110001010111011010 011111101000101101 111111111111111111
1111111001111010100111100000110000 100111001000011001 111111111111111111
1111111001111010100111100000110001 011000000110111001 111111111111111111
1111111001111010100111100000110010 011000011111011100 111111111111111111
0000111001001100001000000100001100 001011101000111100 111111111111111111
0000111001001100001000000100001110 111111111011111100 111111111111111111
1011010011110010011010001101010000 000111011100011001 111111111111111111
1011010011110010011010001101010001 010011000001111001 111111111111111111
1011010011110010011010001101010010 110111110010111100 111111111111111111
1100100000110111110111100101110000 101001101001001101 111111111111111111
1100100000110111110111100101110010 001101111110101101 111111111111111111
1001110001101110000011010101100000 101010011100011000 111111111111111111
1001110001101110000011010101100001 100011110001011001 111111111111111111
1001110001101110000011010101100010 111100111011011100 111111111111111111
1100100110011010010000001101100000 000010100111001001 111111111111111111
1100100110011010010000001101100001 100010001100001001 111111111111111111
1100100110011010010000001101100010 101111110110011100 111111111111111111
0010011100100100001110100011010000 011000010101100000 111111111111111111
0010011100100100001110100011010010 110111011101101100 111111111111111111
0101000101110110101101011101110100 000001110101001101 111111111111111111
0101000101110110101101011101110110 111011101010101101 111111111111111111
0010110000110101001111000110100000 011010001001110100 111111111111111111
0010110000110101001111000110100010 110100111101111100 111111111111111111
1001101110010101111001110111100100 100000110000111001 111111111111111111
1001101110010101111001110111100110 011111001110111001 111111111111111111
0010010101110110110001011100101000 111010110100000000 111111111111111111
0010010101110110110001011100101010 111110101011110100 111111111111111111
1011101001111000110110101000110100 100101010000010101 111111111111111111
1011101001111000110110101000110110 011001011111011101 111111111111111111
0011110000011011101011001100011000 111010001110000100 111111111111111111
0011110000011011101011001100011010 110100111111110100 111111111111111111
0001011101001001010011010000011000 011001000100111100 111111111111111111
0001011101001001010011010000011010 111110101111111100 111111111111111111
0100011111010010000111001010001000 011001000111010000 111111111111111111
0100011111010010000111001010001001 001010110011000001 111111111111111111
0100011111010010000111001010001010 111110110111110100 111111111111111111
1111000000000000111010111110011000 110110111110011001 111111111111111111
1111000000000000111010111110011001 000001000001101001 111111111111111111
1111000000000000111010111110011010 000111111111111100 111111111111111111
1101110101001100100010001101010000 011001100010000001 111111111111111111
1101110101001100100010001101010001 010101000111100001 111111111111111111
1101110101001100100010001101010010 011101111011101100 111111111111111111
1101100111100100111100011101000100 110010111011010101 111111111111111111
1101100111100100111100011101000110 001011100011111101 111111111111111111
1001000001001101101010100000110000 001110100101100101 111111111111111111
1001000001001101101010100000110010 011111111111001101 111111111111111111
0000000010011000011010001101100000 011010010111000000 111111111111111111
0000000010011000011010001101100010 111111110110011100 111111111111111111
1000100010111110011001101011110000 111011110111101000 111111111111111111
1000100010111110011001101011110001 001000100000001001 111111111111111111
1000100010111110011001101011110010 111111110100001100 111111111111111111
1011100100001110001111110111001100 111110001000000100 111111111111111111
1011100100001110001111110111001101 011110011001101101 111111111111111111
1011100100001110001111110111001110 110001101111110100 111111111111111111
1011000001000100001010001101100100 110110010001110100 111111111111111111
1011000001000100001010001101100101 100001110110101101 111111111111111111
1011000001000100001010001101100110 110111111011111100 111111111111111111
1000111011000001111100000100101100 011111110000110001 111111111111111111
1000111011000001111100000100101110 011111111011111001 111111111111111111
0100100011100111000111011010100100 011001101001000000 111111111111111111
0100100011100111000111011010100101 001010110011111001 111111111111111111
0100100011100111000111011010100110 111101110101111000 111111111111111111
1110101110111000011100010010110100 010111001110010101 111111111111111111
1110101110111000011100010010110101 011110101000101101 111111111111111111
1110101110111000011100010010110110 100111101101011100 111111111111111111
1100011011001100011010010110100100 001100000011010101 111111111111111111
1100011011001100011010010110100101 010111010110001101 111111111111111111
1100011011001100011010010110100110 101111111011011100 111111111111111111
0101001001011010101011101001000000 000000001110101001 111111111111111111
0101001001011010101011101001000010 111111011110111101 111111111111111111
1100001101001110010111110000000100 001000100100111101 111111111111111111
1100001101001110010111110000000101 011001000100110101 111111111111111111
1100001101001110010111110000000110 101111001111111100 111111111111111111
1110110010111011001000111010000000 000100000101101101 111111111111111111
1110110010111011001000111010000001 110010010001101101 111111111111111111
1110110010111011001000111010000010 110111110101111100 111111111111111111
1011101100100110001101001010111000 111011111101010000 111111111111111111
1011101100100110001101001010111001 100001100111100001 111111111111111111
1011101100100110001101001010111010 110011111101100100 111111111111111111
1110110001010000101101101010000100 101000101111000101 111111111111111111
1110110001010000101101101010000101 001101011010111101 111111111111111111
1110110001010000101101101010000110 010110111111111100 111111111111111111
0101001100000111001001010010011100 011110000010111000 111111111111111111
0101001100000111001001010010011101 001011011110000001 111111111111111111
0101001100000111001001010010011110 111111101111100000 111111111111111111
1110100011001100010110100000110100 010000101101100101 111111111111111111
1110100011001100010110100000110101 100011101011111101 111111111111111111
1110100011001100010110100000110110 101101111111001100 111111111111111111
1011100001010010101110111011100000 011101000000101001 111111111111111111
1011100001010010101110111011100010 010001111110111101 111111111111111111
0011011100011101111110010011101000 001100000101011101 111111111111111111
0011011100011101111110010011101010 110011101110011101 111111111111111111
0001000101111100101010101101101000 101111000101011000 111111111111111111
0001000101111100101010101101101010 111111111010011100 111111111111111111
0101110110000000111010101111011000 010010000111011001 111111111111111111
0101110110000000111010101111011010 101101110111111101 111111111111111111
1110011111101000100110111101010100 100000111011110101 111111111111111111
1110011111101000100110111101010101 010011000001001101 111111111111111111
1110011111101000100110111101010110 011111000011111100 111111111111111111
1011100100010101111010111010110100 101001001100001001 111111111111111111
1011100100010101111010111010110110 010101101111101001 111111111111111111
1101110001000111100111011011010000 011110011111101101 111111111111111111
1101110001000111100111011011010001 001111101001001101 111111111111111111
1101110001000111100111011011010010 011000111111101100 111111111111111111
0111011011011011101100111110100000 001010101100001101 111111111111111111
0111011011011011101100111110100010 110011010011011101 111111111111111111
1111101110111100110001001011010100 110000000111000101 111111111111111111
1111101110111100110001001011010101 001101110000011101 111111111111111111
1111101110111100110001001011010110 001111110100101100 111111111111111111
1101111101110110010110111001011000 001110110000110001 111111111111111111
1101111101110110010110111001011001 100000111110000001 111111111111111111
1101111101110110010110111001011010 101001001110100100 111111111111111111
1001111010010101101110110010111000 010110011100001101 111111111111111111
1001111010010101101110110010111010 011001011111101101 111111111111111111
1010101101010101001001010110010000 110100001011100100 111111111111111111
1010101101010101001001010110010001 100001011111000101 111111111111111111
1010101101010101001001010110010010 110111101011101100 111111111111111111
1000100101111010100110100101110100 001000111101011101 111111111111111111
1000100101111010100110100101110110 011101111010011101 111111111111111111
0111000001010101100111000111101000 000011001100111101 111111111111111111
0111000001010101100111000111101010 111011111010111101 111111111111111111
1111111000111100001101111000000100 001101011011110101 111111111111111111
1111111000111100001101111000000101 110001101011101101 111111111111111111
1111111000111100001101111000000110 110010011111111100 111111111111111111
1101110110100101101011111010101100 100011010101000001 111111111111111111
1101110110100101101011111010101101 001011011111101001 111111111111111111
1101110110100101101011111010101110 011100100101111000 111111111111111111
0110100100001001001000110110101000 100011000111001100 111111111111111111
0110100100001001001000110110101001 010001011001111101 111111111111111111
0110100100001001001000110110101010 110111101111011100 111111111111111111
1010111110000100010101000111101000 000000111111111001 111111111111111111
1010111110000100010101000111101001 010110110000101001 111111111111111111
1010111110000100010101000111101010 111110111111111100 111111111111111111
